[cosmological_parameters]
; fiducial values - Planck 2018 TTTEEE+lowE+lensing+BAO
omega_m = 0.1  0.3111  0.9
omega_b = 0.03  0.049  0.07
h0 = 0.55  0.6766  0.91
a_s_1e9 = 0.5  2.105  5.0
n_s = 0.87  0.9665  1.07

;nnu = 3.046
;omnuh2 = 0.0006	 0.00083 0.00644
;massive_nu = 3
;massless_nu = 0.046
mnu = 0.06
nnu = 3.046

tau = 0.0561
;tau = 0.02 0.0544 0.08

omega_k = 0.0
w = -1.0
wa = 0.0

;A_lens = 0.0  1.0  10.0

[shear_calibration_parameters]
m1 = -0.1  0.0  0.1
m2 = -0.1  0.0  0.1
m3 = -0.1  0.0  0.1
m4 = -0.1  0.0  0.1

[wl_photoz_errors]
bias_1 = -0.1   0.0   0.1
bias_2 = -0.1   0.0   0.1
bias_3 = -0.1   0.0   0.1
bias_4 = -0.1   0.0   0.1

[intrinsic_alignment_parameters]
z_piv = 0.62
a1 = -5.0  0.49  5.0
a2 = -5.0  0.0  5.0
alpha1 = -5.0  0.0  5.0
alpha2 = -5.0  0.0  5.0
bias_ta = 0.0  0.0  2.0
